713.25
703.18
672.635
650.44
630.215
606.37
587.885
567.085
546.95
528.71
513.15
502.825
491.885
476.67
463.33
452.205
442.925
430.915
419.77
408.845
395.76
389.355
382.125
375.515
364.87
358.285
352.005
344.44
338.995
333.575
327.99
322.175
313.045
305.91
302.945
296.175
292.205
285.67
281.045
276.93
271.75
268.305
265.185
262.195
256.795
254.895
251.165
245.255
245.15
239.41
236.425
233.675
229.63
226.555
225.6
222.145
218.15
214.095
214.55
211.785
209.115
206.42
202.975
200.08
199.37
195.64
195.42
193.525
190.885
191.42
187.42
186.46
182.005
181.065
181.485
178.48
175.395
175.25
173.09
172.12
169.2
169.61
167.575
162.815
163.115
162.88
162.655
161.175
158.615
158.915
158.64
157.2
156.59
152.11
152.98
153.125
152.915
150.49
146.65
146.565
147.16
143.62
142.665
139.865
139.535
140.59
140.375
136.905
140.345
135.02
136.615
132.045
133.295
134.83
131.42
131.56
128.74
128.52
128.505
128.575
128.53
129.645
128.495
128.635
129.57
128.775
128.175
122.975
122.995
125.23
123.24
119.97
123.325
121.33
120.68
120.32
120.135
116.985
118.09
118.875
117.715
