518.922
494.961
473.569
491.085
437.736
424.026
404.353
395.3
382.434
370.964
357.617
366.833
332.296
332.391
323.543
322.848
304.024
311.877
294
307.529
297.714
279.51
273.811
281.74
283.438
256.745
262
253.226
252.857
244.796
235.488
235.708
228.469
216.607
225.064
213.271
212.977
208.056
205.962
207.66
201.267
189.6
193.019
181.224
171.773
175.396
171.163
184.531
169.404
152.229
165.911
167.082
166.191
148.717
148.529
136.761
131.127
150.469
151.678
162.66
174.478
98.5778
118.638
112.824
96.8519
105.321
119.621
83.1111
126.642
80.413
82.5192
80.8333
87.3393
114.146
67.7193
95.9091
91.3125
97.0377
79.7083
155.179
64.2727
122.064
118.787
71.5217
125.822
36.3478
66.1
60.8704
55.8627
171.766
52.6604
87.4898
131.244
24.6792
26.5306
69.5116
112.327
53.4706
70.4423
116.304
31.549
