552.844
531.849
507.188
488.362
475.463
460.735
440.543
423.94
405.659
389.286
391.83
385.848
369.694
351.5
350.291
340.192
335.074
333.353
320.106
310.854
315.709
307.098
293.456
283.02
277.706
271.354
266.5
266.531
254.595
236.474
237.265
234.54
237.208
215.66
235.02
220.073
212.423
215.8
207.846
206.429
202.732
183.412
193.927
187.93
185.574
184.509
171.096
191.271
159.489
156.125
164.451
155.019
152.628
146.935
134.596
131.178
125.279
134.636
143.612
136.5
121.551
120.906
124.34
137.196
131.456
122.281
104.314
86.7593
102.435
89.4
87.1429
102.434
85.6333
84.2045
73.1739
82.9615
88.1552
78.5088
68.9348
83.4231
61.5517
77.5581
86.3191
73.7959
72.4348
48.9
74.5185
89.6744
59.5319
82.6667
47.0217
70.5111
74.2941
45.3265
58.102
51.04
85.2456
68.2979
43.7551
58.3571
70.1346
